# Truth table
# Exported on Sun Dec 08 14:19:04 BRT 2024

# Hints and Notes on Formatting:
# * You can edit this file then import it back into Logisim!
# * Anything after a '#' is a comment and will be ignored.
# * Blank lines and separator lines (e.g., ~~~~~~) are ignored.
# * Keep column names simple (no spaces, punctuation, etc.)
# * 'Name[N..0]' indicates an N+1 bit variable, whereas
#   'Name' by itself indicates a 1-bit variable.
# * You can use 'x' or '-' to indicate "don't care" for both
#   input and output bits.
# * You can use binary (e.g., '10100011xxxx') notation or
#   or hex (e.g., 'C3x'). Logisim will figure out which is which.

Bin[7..0] | Bcd100[3..0] Bcd10[3..0] Bcd1[3..0]
~~~~~~~~~~~~~~~~~~~~~~~~~~~~~~~~~~~~~~~~~~~~~~~
00000000  |     0000        0000        0000   
00000001  |     0000        0000        0001   
00000010  |     0000        0000        0010   
00000011  |     0000        0000        0011   
00000100  |     0000        0000        0100   
00000101  |     0000        0000        0101   
00000110  |     0000        0000        0110   
00000111  |     0000        0000        0111   
00001000  |     0000        0000        1000   
00001001  |     0000        0000        1001   
00001010  |     0000        0001        0000   
00001011  |     0000        0001        0001   
00001100  |     0000        0001        0010   
00001101  |     0000        0001        0011   
00001110  |     0000        0001        0100   
00001111  |     0000        0001        0101   
00010000  |     0000        0001        0110   
00010001  |     0000        0001        0111   
00010010  |     0000        0001        1000   
00010011  |     0000        0001        1001   
00010100  |     0000        0010        0000   
00010101  |     0000        0010        0001   
00010110  |     0000        0010        0010   
00010111  |     0000        0010        0011   
00011000  |     0000        0010        0100   
00011001  |     0000        0010        0101   
00011010  |     0000        0010        0110   
00011011  |     0000        0010        0111   
00011100  |     0000        0010        1000   
00011101  |     0000        0010        1001   
00011110  |     0000        0011        0000   
00011111  |     0000        0011        0001   
00100000  |     0000        0011        0010   
00100001  |     0000        0011        0011   
00100010  |     0000        0011        0100   
00100011  |     0000        0011        0101   
00100100  |     0000        0011        0110   
00100101  |     0000        0011        0111   
00100110  |     0000        0011        1000   
00100111  |     0000        0011        1001   
00101000  |     0000        0100        0000   
00101001  |     0000        0100        0001   
00101010  |     0000        0100        0010   
00101011  |     0000        0100        0011   
00101100  |     0000        0100        0100   
00101101  |     0000        0100        0101   
00101110  |     0000        0100        0110   
00101111  |     0000        0100        0111   
00110000  |     0000        0100        1000   
00110001  |     0000        0100        1001   
00110010  |     0000        0101        0000   
00110011  |     0000        0101        0001   
00110100  |     0000        0101        0010   
00110101  |     0000        0101        0011   
00110110  |     0000        0101        0100   
00110111  |     0000        0101        0101   
00111000  |     0000        0101        0110   
00111001  |     0000        0101        0111   
00111010  |     0000        0101        1000   
00111011  |     0000        0101        1001   
00111100  |     0000        0110        0000   
00111101  |     0000        0110        0001   
00111110  |     0000        0110        0010   
00111111  |     0000        0110        0011   
01000000  |     0000        0110        0100   
01000001  |     0000        0110        0101   
01000010  |     0000        0110        0110   
01000011  |     0000        0110        0111   
01000100  |     0000        0110        1000   
01000101  |     0000        0110        1001   
01000110  |     0000        0111        0000   
01000111  |     0000        0111        0001   
01001000  |     0000        0111        0010   
01001001  |     0000        0111        0011   
01001010  |     0000        0111        0100   
01001011  |     0000        0111        0101   
01001100  |     0000        0111        0110   
01001101  |     0000        0111        0111   
01001110  |     0000        0111        1000   
01001111  |     0000        0111        1001   
01010000  |     0000        1000        0000   
01010001  |     0000        1000        0001   
01010010  |     0000        1000        0010   
01010011  |     0000        1000        0011   
01010100  |     0000        1000        0100   
01010101  |     0000        1000        0101   
01010110  |     0000        1000        0110   
01010111  |     0000        1000        0111   
01011000  |     0000        1000        1000   
01011001  |     0000        1000        1001   
01011010  |     0000        1001        0000   
01011011  |     0000        1001        0001   
01011100  |     0000        1001        0010   
01011101  |     0000        1001        0011   
01011110  |     0000        1001        0100   
01011111  |     0000        1001        0101   
01100000  |     0000        1001        0110   
01100001  |     0000        1001        0111   
01100010  |     0000        1001        1000   
01100011  |     0000        1001        1001   
01100100  |     0001        0000        0000   
01100101  |     0001        0000        0001   
01100110  |     0001        0000        0010   
01100111  |     0001        0000        0011   
01101000  |     0001        0000        0100   
01101001  |     0001        0000        0101   
01101010  |     0001        0000        0110   
01101011  |     0001        0000        0111   
01101100  |     0001        0000        1000   
01101101  |     0001        0000        1001   
01101110  |     0001        0001        0000   
01101111  |     0001        0001        0001   
01110000  |     0001        0001        0010   
01110001  |     0001        0001        0011   
01110010  |     0001        0001        0100   
01110011  |     0001        0001        0101   
01110100  |     0001        0001        0110   
01110101  |     0001        0001        0111   
01110110  |     0001        0001        1000   
01110111  |     0001        0001        1001   
01111000  |     0001        0010        0000   
01111001  |     0001        0010        0001   
01111010  |     0001        0010        0010   
01111011  |     0001        0010        0011   
01111100  |     0001        0010        0100   
01111101  |     0001        0010        0101   
01111110  |     0001        0010        0110   
01111111  |     0001        0010        0111   
10000000  |     0001        0010        1000   
10000001  |     0001        0010        1001   
10000010  |     0001        0011        0000   
10000011  |     0001        0011        0001   
10000100  |     0001        0011        0010   
10000101  |     0001        0011        0011   
10000110  |     0001        0011        0100   
10000111  |     0001        0011        0101   
10001000  |     0001        0011        0110   
10001001  |     0001        0011        0111   
10001010  |     0001        0011        1000   
10001011  |     0001        0011        1001   
10001100  |     0001        0100        0000   
10001101  |     0001        0100        0001   
10001110  |     0001        0100        0010   
10001111  |     0001        0100        0011   
10010000  |     0001        0100        0100   
10010001  |     0001        0100        0101   
10010010  |     0001        0100        0110   
10010011  |     0001        0100        0111   
10010100  |     0001        0100        1000   
10010101  |     0001        0100        1001   
10010110  |     0001        0101        0000   
10010111  |     0001        0101        0001   
10011000  |     0001        0101        0010   
10011001  |     0001        0101        0011   
10011010  |     0001        0101        0100   
10011011  |     0001        0101        0101   
10011100  |     0001        0101        0110   
10011101  |     0001        0101        0111   
10011110  |     0001        0101        1000   
10011111  |     0001        0101        1001   
10100000  |     0001        0110        0000   
10100001  |     0001        0110        0001   
10100010  |     0001        0110        0010   
10100011  |     0001        0110        0011   
10100100  |     0001        0110        0100   
10100101  |     0001        0110        0101   
10100110  |     0001        0110        0110   
10100111  |     0001        0110        0111   
10101000  |     0001        0110        1000   
10101001  |     0001        0110        1001   
10101010  |     0001        0111        0000   
10101011  |     0001        0111        0001   
10101100  |     0001        0111        0010   
10101101  |     0001        0111        0011   
10101110  |     0001        0111        0100   
10101111  |     0001        0111        0101   
10110000  |     0001        0111        0110   
10110001  |     0001        0111        0111   
10110010  |     0001        0111        1000   
10110011  |     0001        0111        1001   
10110100  |     0001        1000        0000   
10110101  |     0001        1000        0001   
10110110  |     0001        1000        0010   
10110111  |     0001        1000        0011   
10111000  |     0001        1000        0100   
10111001  |     0001        1000        0101   
10111010  |     0001        1000        0110   
10111011  |     0001        1000        0111   
10111100  |     0001        1000        1000   
10111101  |     0001        1000        1001   
10111110  |     0001        1001        0000   
10111111  |     0001        1001        0001   
11000000  |     0001        1001        0010   
11000001  |     0001        1001        0011   
11000010  |     0001        1001        0100   
11000011  |     0001        1001        0101   
11000100  |     0001        1001        0110   
11000101  |     0001        1001        0111   
11000110  |     0001        1001        1000   
11000111  |     0001        1001        1001   
11001000  |     0010        0000        0000   
11001001  |     0010        0000        0001   
11001010  |     0010        0000        0010   
11001011  |     0010        0000        0011   
11001100  |     0010        0000        0100   
11001101  |     0010        0000        0101   
11001110  |     0010        0000        0110   
11001111  |     0010        0000        0111   
11010000  |     0010        0000        1000   
11010001  |     0010        0000        1001   
11010010  |     0010        0001        0000   
11010011  |     0010        0001        0001   
11010100  |     0010        0001        0010   
11010101  |     0010        0001        0011   
11010110  |     0010        0001        0100   
11010111  |     0010        0001        0101   
11011000  |     0010        0001        0110   
11011001  |     0010        0001        0111   
11011010  |     0010        0001        1000   
11011011  |     0010        0001        1001   
11011100  |     0010        0010        0000   
11011101  |     0010        0010        0001   
11011110  |     0010        0010        0010   
11011111  |     0010        0010        0011   
11100000  |     0010        0010        0100   
11100001  |     0010        0010        0101   
11100010  |     0010        0010        0110   
11100011  |     0010        0010        0111   
11100100  |     0010        0010        1000   
11100101  |     0010        0010        1001   
11100110  |     0010        0011        0000   
11100111  |     0010        0011        0001   
11101000  |     0010        0011        0010   
11101001  |     0010        0011        0011   
11101010  |     0010        0011        0100   
11101011  |     0010        0011        0101   
11101100  |     0010        0011        0110   
11101101  |     0010        0011        0111   
11101110  |     0010        0011        1000   
11101111  |     0010        0011        1001   
11110000  |     0010        0100        0000   
11110001  |     0010        0100        0001   
11110010  |     0010        0100        0010   
11110011  |     0010        0100        0011   
11110100  |     0010        0100        0100   
11110101  |     0010        0100        0101   
11110110  |     0010        0100        0110   
11110111  |     0010        0100        0111   
11111000  |     0010        0100        1000   
11111001  |     0010        0100        1001   
11111010  |     0010        0101        0000   
11111011  |     0010        0101        0001   
11111100  |     0010        0101        0010   
11111101  |     0010        0101        0011   
11111110  |     0010        0101        0100   
11111111  |     0010        0101        0101   
